136
A1 A1 12 6 0.14 1.0 0.157144687 1.0 0.0
A1 A2 12 6 0.14 0.0 0.157144687 1.0 0.0
A1 A3 12 6 0.14 0.0 0.157144687 1.0 0.0
A1 A4 12 6 0.14 0.0 0.157144687 1.0 0.0
A1 A5 12 6 0.14 0.0 0.157144687 1.0 0.0
A1 A6 12 6 0.14 0.0 0.157144687 1.0 0.0
A1 A7 12 6 0.14 0.0 0.157144687 1.0 0.0
A1 A8 12 6 0.14 0.0 0.157144687 1.0 0.0
A1 A9 12 6 0.14 0.0 0.157144687 1.0 0.0
A1 A10 12 6 0.14 0.0 0.157144687 1.0 0.0
A1 A11 12 6 0.14 0.0 0.157144687 1.0 0.0
A1 A12 12 6 0.14 0.0 0.157144687 1.0 0.0
A1 A13 12 6 0.14 0.0 0.157144687 1.0 0.0
A1 A14 12 6 0.14 0.0 0.157144687 1.0 0.0
A1 A15 12 6 0.14 0.0 0.157144687 1.0 0.0
A1 A16 12 6 0.14 0.0 0.157144687 1.0 0.0
A2 A2 12 6 0.14 1.0 0.157144687 1.0 0.0
A2 A3 12 6 0.14 0.0 0.157144687 1.0 0.0
A2 A4 12 6 0.14 0.0 0.157144687 1.0 0.0
A2 A5 12 6 0.14 0.0 0.157144687 1.0 0.0
A2 A6 12 6 0.14 0.0 0.157144687 1.0 0.0
A2 A7 12 6 0.14 0.0 0.157144687 1.0 0.0
A2 A8 12 6 0.14 0.0 0.157144687 1.0 0.0
A2 A9 12 6 0.14 0.0 0.157144687 1.0 0.0
A2 A10 12 6 0.14 0.0 0.157144687 1.0 0.0
A2 A11 12 6 0.14 0.0 0.157144687 1.0 0.0
A2 A12 12 6 0.14 0.0 0.157144687 1.0 0.0
A2 A13 12 6 0.14 0.0 0.157144687 1.0 0.0
A2 A14 12 6 0.14 0.0 0.157144687 1.0 0.0
A2 A15 12 6 0.14 0.0 0.157144687 1.0 0.0
A2 A16 12 6 0.14 0.0 0.157144687 1.0 0.0
A3 A3 12 6 0.14 1.0 0.157144687 1.0 0.0
A3 A4 12 6 0.14 0.0 0.157144687 1.0 0.0
A3 A5 12 6 0.14 0.0 0.157144687 1.0 0.0
A3 A6 12 6 0.14 0.0 0.157144687 1.0 0.0
A3 A7 12 6 0.14 0.0 0.157144687 1.0 0.0
A3 A8 12 6 0.14 0.0 0.157144687 1.0 0.0
A3 A9 12 6 0.14 0.0 0.157144687 1.0 0.0
A3 A10 12 6 0.14 0.0 0.157144687 1.0 0.0
A3 A11 12 6 0.14 0.0 0.157144687 1.0 0.0
A3 A12 12 6 0.14 0.0 0.157144687 1.0 0.0
A3 A13 12 6 0.14 0.0 0.157144687 1.0 0.0
A3 A14 12 6 0.14 0.0 0.157144687 1.0 0.0
A3 A15 12 6 0.14 0.0 0.157144687 1.0 0.0
A3 A16 12 6 0.14 0.0 0.157144687 1.0 0.0
A4 A4 12 6 0.14 1.0 0.157144687 1.0 0.0
A4 A5 12 6 0.14 0.0 0.157144687 1.0 0.0
A4 A6 12 6 0.14 0.0 0.157144687 1.0 0.0
A4 A7 12 6 0.14 0.0 0.157144687 1.0 0.0
A4 A8 12 6 0.14 0.0 0.157144687 1.0 0.0
A4 A9 12 6 0.14 0.0 0.157144687 1.0 0.0
A4 A10 12 6 0.14 0.0 0.157144687 1.0 0.0
A4 A11 12 6 0.14 0.0 0.157144687 1.0 0.0
A4 A12 12 6 0.14 0.0 0.157144687 1.0 0.0
A4 A13 12 6 0.14 0.0 0.157144687 1.0 0.0
A4 A14 12 6 0.14 0.0 0.157144687 1.0 0.0
A4 A15 12 6 0.14 0.0 0.157144687 1.0 0.0
A4 A16 12 6 0.14 0.0 0.157144687 1.0 0.0
A5 A5 12 6 0.14 1.0 0.157144687 1.0 0.0
A5 A6 12 6 0.14 0.0 0.157144687 1.0 0.0
A5 A7 12 6 0.14 0.0 0.157144687 1.0 0.0
A5 A8 12 6 0.14 0.0 0.157144687 1.0 0.0
A5 A9 12 6 0.14 0.0 0.157144687 1.0 0.0
A5 A10 12 6 0.14 0.0 0.157144687 1.0 0.0
A5 A11 12 6 0.14 0.0 0.157144687 1.0 0.0
A5 A12 12 6 0.14 0.0 0.157144687 1.0 0.0
A5 A13 12 6 0.14 0.0 0.157144687 1.0 0.0
A5 A14 12 6 0.14 0.0 0.157144687 1.0 0.0
A5 A15 12 6 0.14 0.0 0.157144687 1.0 0.0
A5 A16 12 6 0.14 0.0 0.157144687 1.0 0.0
A6 A6 12 6 0.14 1.0 0.157144687 1.0 0.0
A6 A7 12 6 0.14 0.0 0.157144687 1.0 0.0
A6 A8 12 6 0.14 0.0 0.157144687 1.0 0.0
A6 A9 12 6 0.14 0.0 0.157144687 1.0 0.0
A6 A10 12 6 0.14 0.0 0.157144687 1.0 0.0
A6 A11 12 6 0.14 0.0 0.157144687 1.0 0.0
A6 A12 12 6 0.14 0.0 0.157144687 1.0 0.0
A6 A13 12 6 0.14 0.0 0.157144687 1.0 0.0
A6 A14 12 6 0.14 0.0 0.157144687 1.0 0.0
A6 A15 12 6 0.14 0.0 0.157144687 1.0 0.0
A6 A16 12 6 0.14 0.0 0.157144687 1.0 0.0
A7 A7 12 6 0.14 1.0 0.157144687 1.0 0.0
A7 A8 12 6 0.14 0.0 0.157144687 1.0 0.0
A7 A9 12 6 0.14 0.0 0.157144687 1.0 0.0
A7 A10 12 6 0.14 0.0 0.157144687 1.0 0.0
A7 A11 12 6 0.14 0.0 0.157144687 1.0 0.0
A7 A12 12 6 0.14 0.0 0.157144687 1.0 0.0
A7 A13 12 6 0.14 0.0 0.157144687 1.0 0.0
A7 A14 12 6 0.14 0.0 0.157144687 1.0 0.0
A7 A15 12 6 0.14 0.0 0.157144687 1.0 0.0
A7 A16 12 6 0.14 0.0 0.157144687 1.0 0.0
A8 A8 12 6 0.14 1.0 0.157144687 1.0 0.0
A8 A9 12 6 0.14 0.0 0.157144687 1.0 0.0
A8 A10 12 6 0.14 0.0 0.157144687 1.0 0.0
A8 A11 12 6 0.14 0.0 0.157144687 1.0 0.0
A8 A12 12 6 0.14 0.0 0.157144687 1.0 0.0
A8 A13 12 6 0.14 0.0 0.157144687 1.0 0.0
A8 A14 12 6 0.14 0.0 0.157144687 1.0 0.0
A8 A15 12 6 0.14 0.0 0.157144687 1.0 0.0
A8 A16 12 6 0.14 0.0 0.157144687 1.0 0.0
A9 A9 12 6 0.14 1.0 0.157144687 1.0 0.0
A9 A10 12 6 0.14 0.0 0.157144687 1.0 0.0
A9 A11 12 6 0.14 0.0 0.157144687 1.0 0.0
A9 A12 12 6 0.14 0.0 0.157144687 1.0 0.0
A9 A13 12 6 0.14 0.0 0.157144687 1.0 0.0
A9 A14 12 6 0.14 0.0 0.157144687 1.0 0.0
A9 A15 12 6 0.14 0.0 0.157144687 1.0 0.0
A9 A16 12 6 0.14 0.0 0.157144687 1.0 0.0
A10 A10 12 6 0.14 1.0 0.157144687 1.0 0.0
A10 A11 12 6 0.14 0.0 0.157144687 1.0 0.0
A10 A12 12 6 0.14 0.0 0.157144687 1.0 0.0
A10 A13 12 6 0.14 0.0 0.157144687 1.0 0.0
A10 A14 12 6 0.14 0.0 0.157144687 1.0 0.0
A10 A15 12 6 0.14 0.0 0.157144687 1.0 0.0
A10 A16 12 6 0.14 0.0 0.157144687 1.0 0.0
A11 A11 12 6 0.14 1.0 0.157144687 1.0 0.0
A11 A12 12 6 0.14 0.0 0.157144687 1.0 0.0
A11 A13 12 6 0.14 0.0 0.157144687 1.0 0.0
A11 A14 12 6 0.14 0.0 0.157144687 1.0 0.0
A11 A15 12 6 0.14 0.0 0.157144687 1.0 0.0
A11 A16 12 6 0.14 0.0 0.157144687 1.0 0.0
A12 A12 12 6 0.14 1.0 0.157144687 1.0 0.0
A12 A13 12 6 0.14 0.0 0.157144687 1.0 0.0
A12 A14 12 6 0.14 0.0 0.157144687 1.0 0.0
A12 A15 12 6 0.14 0.0 0.157144687 1.0 0.0
A12 A16 12 6 0.14 0.0 0.157144687 1.0 0.0
A13 A13 12 6 0.14 1.0 0.157144687 1.0 0.0
A13 A14 12 6 0.14 0.0 0.157144687 1.0 0.0
A13 A15 12 6 0.14 0.0 0.157144687 1.0 0.0
A13 A16 12 6 0.14 0.0 0.157144687 1.0 0.0
A14 A14 12 6 0.14 1.0 0.157144687 1.0 0.0
A14 A15 12 6 0.14 0.0 0.157144687 1.0 0.0
A14 A16 12 6 0.14 0.0 0.157144687 1.0 0.0
A15 A15 12 6 0.14 1.0 0.157144687 1.0 0.0
A15 A16 12 6 0.14 0.0 0.157144687 1.0 0.0
A16 A16 12 6 0.14 1.0 0.157144687 1.0 0.0

# num_atom_types
# type type Erep Eatt sigma epsilon cutoff mass charge
